1.000000000000000000e+00 2.500000000000000000e+01 0.000000000000000000e+00
1.011549910014746922e+00 2.500000000000000000e+01 1.691410457088514049e-02
1.033920775138658099e+00 2.500037841923967008e+01 4.652506675827450255e-02
1.066372696727871716e+00 2.500188933738404984e+01 8.518240941638749453e-02
1.108118187614465455e+00 2.500545394470136884e+01 1.298613296442959752e-01
1.158305069482861605e+00 2.501200816477902933e+01 1.781201699895007540e-01
1.216022851950619987e+00 2.502239898831279774e+01 2.279950012358450129e-01
1.280325560211192926e+00 2.503731910924300763e+01 2.779768744945505521e-01
1.350262927339974217e+00 2.505727679885639958e+01 3.266505681733629651e-01
1.424919948328253527e+00 2.508256960791327117e+01 3.729335816864046138e-01
1.503449843951690790e+00 2.511329379498762293e+01 4.160354321704050062e-01
1.585098548386163486e+00 2.514936829225784720e+01 4.554193903014903122e-01
1.669218973936649864e+00 2.519056682904292899e+01 4.907625642996289450e-01
1.755275339777482957e+00 2.523655260243411647e+01 5.219138223191012171e-01
1.842839476207828620e+00 2.528691124920273481e+01 5.488673937645589529e-01
1.931580756184075431e+00 2.534118079646192712e+01 5.717269327421837799e-01
2.021252573738950176e+00 2.539887633264624611e+01 5.906769790954792265e-01
2.111677574067708285e+00 2.545950960153062681e+01 6.059652639085406634e-01
2.202732290637152701e+00 2.552260415205300959e+01 6.178780710241918994e-01
2.294333420469760743e+00 2.558770603162213320e+01 6.267246679547924249e-01
2.386425750865825091e+00 2.565439102160813079e+01 6.328275395879351395e-01
2.478972077466257584e+00 2.572226952932531319e+01 6.365091521739010272e-01
2.571945298409744840e+00 2.579098900116475690e+01 6.380875653023792005e-01
2.665322483483226534e+00 2.586023523022820214e+01 6.378664186660789603e-01
2.759080734152385972e+00 2.592973191662169796e+01 6.361335319515953879e-01
2.853194482963739453e+00 2.599923974028419238e+01 6.331573045742326933e-01
2.947633965769669295e+00 2.606855469957158888e+01 6.291840838043964990e-01
3.042364855759737807e+00 2.613750607535060411e+01 6.244379445340545454e-01
3.137348210746290444e+00 2.620595394561573599e+01 6.191201547741385092e-01
3.232541122288841162e+00 2.627378665975057004e+01 6.134090763536199642e-01
3.327897600461716454e+00 2.634091813237576218e+01 6.074608674465528102e-01
3.423369613798562305e+00 2.640728512841280562e+01 6.014110960654019955e-01
3.518908107017443943e+00 2.647284463237548735e+01 5.953748133677905230e-01
3.614464073537001720e+00 2.653757120580269557e+01 5.894486699087604364e-01
3.709989468840975579e+00 2.660145452521818044e+01 5.837117673713999588e-01
3.805438090370267812e+00 2.666449704480346128e+01 5.782273087359790509e-01
3.900766182766243872e+00 2.672671175881541927e+01 5.730442919297430437e-01
3.995933053948009128e+00 2.678812027356245551e+01 5.681991400084809296e-01
4.090901448121445405e+00 2.684875101685124932e+01 5.637168187659169494e-01
4.185637911710703207e+00 2.690863767052252697e+01 5.596121111515700575e-01
4.280112738148328155e+00 2.696781758152836161e+01 5.558923537280962002e-01
4.374300212158334311e+00 2.702633079440496644e+01 5.525568578454903568e-01
4.468178545804623703e+00 2.708421887112628568e+01 5.495972825750412571e-01
4.561729884918784172e+00 2.714152386102087533e+01 5.470005243638300652e-01
4.654940232941115141e+00 2.719828763974932784e+01 5.447490911660370916e-01
4.747799021543957387e+00 2.725455111560183141e+01 5.428235768508846704e-01
4.840299096471255780e+00 2.731035403109485671e+01 5.412034834151778773e-01
4.932436320975660315e+00 2.736573465033184860e+01 5.398652638237789736e-01
5.024209404695194614e+00 2.742072934852898314e+01 5.387842703972955949e-01
5.115619659694186083e+00 2.747537241218562443e+01 5.379356182817621734e-01
5.206670726868564358e+00 2.752969593182562136e+01 5.372943214602333706e-01
5.297368329814410970e+00 2.758372972695067205e+01 5.368360907485809630e-01
5.387720009501082430e+00 2.763750135435569177e+01 5.365373005263630590e-01
5.477734896524111718e+00 2.769103612880344301e+01 5.363753472201439054e-01
5.567423474227928715e+00 2.774435717532406187e+01 5.363291916926355984e-01
5.656797342779234405e+00 2.779748554014396333e+01 5.363789275462110817e-01
5.745869033401628023e+00 2.785044027075240436e+01 5.365069790789560589e-01
5.834651778286168877e+00 2.790323860614373430e+01 5.366955615357736908e-01
5.923159407734275739e+00 2.795589592916856958e+01 5.369310975268805075e-01
6.011002104969872306e+00 2.800818567051064534e+01 5.375605325068055773e-01
6.097459029091710114e+00 2.805972423824814754e+01 5.388148873419269513e-01
6.181745378916374101e+00 2.811011228902795622e+01 5.402410334871972086e-01
6.263497480374452309e+00 2.815914370958006430e+01 5.383992009847002880e-01
6.344891839529756439e+00 2.820775695581967213e+01 5.219994082180984263e-01
6.426739550685298674e+00 2.825483737534701234e+01 4.943840843709123023e-01
6.509647730889763118e+00 2.829952759983649102e+01 4.588092656434107353e-01
6.594012771563645181e+00 2.834120111378272000e+01 4.185316376806381133e-01
6.680047320945664779e+00 2.837947035726688938e+01 3.765383525799126385e-01
6.767815953282319441e+00 2.841417445731015690e+01 3.355487667131211715e-01
6.857278066288489349e+00 2.844537316177840225e+01 2.979312555287367825e-01
6.948328628415358033e+00 2.847333214854187844e+01 2.656737280684875468e-01
7.040832034174249188e+00 2.849850288340906701e+01 2.403579498203215203e-01
7.134645615378112815e+00 2.852149622835910492e+01 2.231450606960278527e-01
7.229629943855705676e+00 2.854305046047910110e+01 2.148067882078354696e-01
7.325650061970071292e+00 2.856399943812382247e+01 2.157251052096539057e-01
7.422569680236241751e+00 2.858523792035906652e+01 2.259058742283429067e-01
7.520238768054990253e+00 2.860768509895162381e+01 2.450384062168154964e-01
7.618477554827356002e+00 2.863225103164457863e+01 2.724947890934652506e-01
7.717068516323557503e+00 2.865980186913093064e+01 3.072930001427342517e-01
7.815734495596564635e+00 2.869111305583692939e+01 3.479096206908912636e-01
7.913879600530859371e+00 2.872670649542768473e+01 3.923731245759499164e-01
8.010799676981543271e+00 2.876681509847165330e+01 4.385717682665921657e-01
8.105986343149133688e+00 2.881146115934667407e+01 4.845946422979864332e-01
8.199204740862903407e+00 2.886053736841105533e+01 5.289398944867761410e-01
8.290301944222303376e+00 2.891378312422179775e+01 5.704664120969267227e-01
8.379214022566651821e+00 2.897083149490434906e+01 6.083455806160960044e-01
8.465964474801644712e+00 2.903124963866156349e+01 6.420178973893444496e-01
8.550655685833422837e+00 2.909457199149472828e+01 6.711491718969740949e-01
8.633455532359565865e+00 2.916032553130194316e+01 6.955943071764385532e-01
8.714581749807145172e+00 2.922804846987030558e+01 7.153621685967118671e-01
8.794285522269856159e+00 2.929730272780362910e+01 7.305846380052557487e-01
8.872835952894314815e+00 2.936768163111497998e+01 7.414893498322144838e-01
8.950506293543730507e+00 2.943881401830006794e+01 7.483749543494492285e-01
9.027562523701073260e+00 2.951036578815590872e+01 7.515913503094996395e-01
9.104254327741697850e+00 2.958203990163479347e+01 7.515210721713077024e-01
9.180808572665881684e+00 2.965357537748925765e+01 7.485639178247380787e-01
9.257425051608333177e+00 2.972474577509429494e+01 7.431259715340514660e-01
9.334273984872240248e+00 2.979535750721188947e+01 7.356062253686962427e-01
9.411495526172007686e+00 2.986524799595443369e+01 7.263899576827512750e-01
9.489200355835505363e+00 2.993428385674100056e+01 7.158430203372366796e-01
9.567471236486664310e+00 3.000235916050537810e+01 7.043057082217963893e-01
9.646365386092943695e+00 3.006939359509392773e+01 6.920901328536798180e-01
9.725917222400127571e+00 3.013533061761222598e+01 6.794784156798046038e-01
9.806141350700615433e+00 3.020013559409654036e+01 6.667202677139789646e-01
9.887035684332444063e+00 3.026379374615535767e+01 6.540330387541364310e-01
9.968584480302991935e+00 3.032630805661066731e+01 6.416032849284531991e-01
1.005076111663898253e+01 3.038769719745654285e+01 6.295862374444255449e-01
1.013353074150118616e+01 3.044799331294817435e+01 6.181085090828615236e-01
1.021685255369566292e+01 3.050723989862138907e+01 6.072693755850451236e-01
1.030068182924181741e+01 3.056548968456246840e+01 5.971432531473105376e-01
1.038497160893966509e+01 3.062280261717745589e+01 5.877816399046438267e-01
1.046967412192138980e+01 3.067924392867046635e+01 5.792159670339785960e-01
1.055474191428564446e+01 3.073488238624997848e+01 5.714597602400032228e-01
1.064012874078925108e+01 3.078978867482889470e+01 5.645119508180597157e-01
1.072579020771807023e+01 3.084403404310625518e+01 5.583564818569799471e-01
1.081168438044916513e+01 3.089768889983372091e+01 5.529661567648093135e-01
1.089777215719814762e+01 3.095082174102033079e+01 5.483072454373804083e-01
1.098401732207082482e+01 3.100349843932870542e+01 5.443380195461636761e-01
1.107038679179074059e+01 3.105578148723256859e+01 5.410119368584244137e-01
1.115685061581332604e+01 3.110772947151908241e+01 5.382785560452943985e-01
1.124338198082454099e+01 3.115939666137207453e+01 5.360857221805386263e-01
1.132995711982763787e+01 3.121083279646988728e+01 5.343803035737306750e-01
1.141655522201768669e+01 3.126208296030326750e+01 5.331093004851414907e-01
1.150315829906879195e+01 3.131318755459184189e+01 5.322206312090377311e-01
1.158975103137285068e+01 3.136418235017945833e+01 5.316642396068623766e-01
1.167632058845598486e+01 3.141509864791470363e+01 5.313924412702022426e-01
1.176285646541483132e+01 3.146596348498928819e+01 5.313604504916501492e-01
1.184935028049596895e+01 3.151679987563136720e+01 5.315266208828584027e-01
1.193579559396042278e+01 3.156762708838514442e+01 5.318526823838823914e-01
1.202218772221231013e+01 3.161846094457528977e+01 5.323039751890908944e-01
1.210852353956322958e+01 3.166931413347766977e+01 5.328496615136579795e-01
1.219480130204200918e+01 3.172019656225625894e+01 5.334622618298037189e-01
1.228102045397351816e+01 3.177111563941259220e+01 5.341173468813887881e-01
1.236718150552339246e+01 3.182207656230761117e+01 5.347934937710200343e-01
1.245328587330225645e+01 3.187308257621506513e+01 5.354735057028565670e-01
1.253933566440428926e+01 3.192413534035454603e+01 5.361432156496804824e-01
1.262533355543301106e+01 3.197523520992027812e+01 5.367901924055936691e-01
1.271128269864547633e+01 3.202638138296284609e+01 5.374050886322148113e-01
1.279718657208635868e+01 3.207757217026371421e+01 5.379810202031518607e-01
1.288304886097740720e+01 3.212880521110544407e+01 5.385131208763609401e-01
1.296887336730275919e+01 3.218007765372416173e+01 5.389980406789779410e-01
1.305466394397639007e+01 3.223138629188514415e+01 5.394336570843448753e-01
1.314042443683023365e+01 3.228272767243258556e+01 5.398196291330309426e-01
1.322615859079609280e+01 3.233409824592463622e+01 5.401564960197839937e-01
1.331187002073905035e+01 3.238549445096704460e+01 5.404455749977431500e-01
1.339756218272643018e+01 3.243691278699066771e+01 5.406889733713835522e-01
1.348323831882756885e+01 3.248834987261274421e+01 5.408892737712883703e-01
1.356890146003343922e+01 3.253980250226319271e+01 5.410499287666730162e-01
1.365455436313676074e+01 3.259126770924562777e+01 5.411738246758168724e-01
1.374019956984026258e+01 3.264274273487486511e+01 5.412643770130314280e-01
1.382583937452728939e+01 3.269422507052653515e+01 5.413251913117879122e-01
1.391147582324803622e+01 3.274571247896297876e+01 5.413598282001941264e-01
1.399711071709432453e+01 3.279720299096540970e+01 5.413718579750887994e-01
1.408274561145029580e+01 3.284869490589710495e+01 5.413647455196860525e-01
1.416838182312225314e+01 3.290018678362699234e+01 5.413415575763006471e-01
1.425402047176692122e+01 3.295167742297799407e+01 5.413053462675514460e-01
1.433966247572475439e+01 3.300316585750024245e+01 5.412588332458995177e-01
1.442530857293800217e+01 3.305465132951740514e+01 5.412046434909838499e-01
1.451095932953082368e+01 3.310613328402729394e+01 5.411449914585535481e-01
1.459661516444500862e+01 3.315761133566777374e+01 5.410818278625003641e-01
1.468227636627996091e+01 3.320908524811304829e+01 5.410168553476246700e-01
1.476794310910706365e+01 3.326055491468133596e+01 5.409515424965487540e-01
1.485361546733553517e+01 3.331202034000411771e+01 5.408871324170957395e-01
1.493929343760917661e+01 3.336348162691665920e+01 5.408246493692546730e-01
1.502497692863007828e+01 3.341493894485252980e+01 5.407649343581442114e-01
1.511066580542431659e+01 3.346639253508404011e+01 5.407086226562625164e-01
1.519635986944764383e+01 3.351784267480348944e+01 5.406562022790595279e-01
1.528205890063882499e+01 3.356928968521793877e+01 5.406079981808855628e-01
1.536776263498130213e+01 3.362073389907460097e+01 5.405642093000098125e-01
1.545347080117536187e+01 3.367217566798976947e+01 5.405249289326001794e-01
1.553918311521913509e+01 3.372361534688057816e+01 5.404901467541708415e-01
1.562489927489463071e+01 3.377505327857655715e+01 5.404597742763138646e-01
1.571061899777090964e+01 3.382648980751197598e+01 5.404336470047428342e-01
1.579634198029308934e+01 3.387792524631161939e+01 5.404115649873882932e-01
1.588206795132513349e+01 3.392935990378184385e+01 5.403932598457046321e-01
1.596779662944392086e+01 3.398079405130384600e+01 5.403784624204475140e-01
1.605352776299254458e+01 3.403222794676970864e+01 5.403668753949205650e-01
1.613926110579386020e+01 3.408366181672337802e+01 5.403581686797713779e-01
1.622499642823932220e+01 3.413509585918794187e+01 5.403520276656387233e-01
1.631073351723458487e+01 3.418653024543313990e+01 5.403481450078537751e-01
1.639647217632407461e+01 3.423796512089284505e+01 5.403462248381089017e-01
1.648221222554950316e+01 3.428940060641443210e+01 5.403459838602212573e-01
1.656795350109218390e+01 3.434083679950666124e+01 5.403471526068844843e-01
1.665369585077511871e+01 3.439227377325079971e+01 5.403495104699652662e-01
1.673943914446851267e+01 3.444371158823734191e+01 5.403528145831502094e-01
1.682518326235398831e+01 3.449515028292834273e+01 5.403568537581262543e-01
1.691092923479846988e+01 3.454659056117647253e+01 5.390271658130943999e-01
1.699673323695529348e+01 3.459791062168370956e+01 5.371722061225047140e-01
1.708260876007880924e+01 3.464905741792835414e+01 5.355865485831254880e-01
1.716853154290187788e+01 3.470004796167888372e+01 5.348599894091811136e-01
1.725445018322719903e+01 3.475095167374518468e+01 5.354089962318000495e-01
1.734029506744097304e+01 3.480187538118865120e+01 5.375045305319675615e-01
1.742598515685966376e+01 3.485295032071994115e+01 5.412978272034437710e-01
1.751143323090063220e+01 3.490432128881848683e+01 5.468430030294877398e-01
1.759654951502486497e+01 3.495613751926514823e+01 5.541157070813432783e-01
1.768124468735502575e+01 3.500854539821891365e+01 5.630337207555129453e-01
1.776543175105073402e+01 3.506168290679667621e+01 5.734683457686281516e-01
1.784902791427227697e+01 3.511567539123090143e+01 5.852574672332361283e-01
1.793195583693327677e+01 3.517063244732151617e+01 5.982174602728047574e-01
1.801414470367589971e+01 3.522664606248648056e+01 6.121497669264096553e-01
1.809553127643006576e+01 3.528378949461451697e+01 6.268477999397767952e-01
1.817606084008292910e+01 3.534211688428961651e+01 6.421026291477702763e-01
1.825568805862059207e+01 3.540166348500340376e+01 6.577055947234287103e-01
1.833437783405233645e+01 3.546244622378906541e+01 6.734516625722573036e-01
1.841210605124875599e+01 3.552446461680477086e+01 6.891402914366585586e-01
1.848886029657575492e+01 3.558770181053947113e+01 7.045756551952448987e-01
1.856464055490368636e+01 3.565212568104597324e+01 7.195664687062942599e-01
1.863945985198252941e+01 3.571768991838642648e+01 7.339524363201322954e-01
1.871334294007558441e+01 3.578433694749435290e+01 7.476051124795571878e-01
1.878632506991512585e+01 3.585200109331701412e+01 7.604257484267280542e-01
1.885845033563864703e+01 3.592061112796370992e+01 7.723429528719992776e-01
1.892976975761844827e+01 3.599009226456966815e+01 7.833100793757391545e-01
1.900033976724750318e+01 3.606036817565472319e+01 7.933025788868970363e-01
1.907022072353953135e+01 3.613136269341774920e+01 8.023151903528725759e-01
1.913947536085980516e+01 3.620300104869131275e+01 8.103594092692197881e-01
1.920816738613289232e+01 3.627521089075728611e+01 8.174609353384290067e-01
1.927636025508785522e+01 3.634792311639674267e+01 8.236569773316354537e-01
1.934411604203596724e+01 3.642107239587158318e+01 8.289933560590150297e-01
1.941149462394400160e+01 3.649459759993817443e+01 8.335232405734824823e-01
1.947855290906571568e+01 3.656844208137986385e+01 8.373049267805788842e-01
1.954534424613006038e+01 3.664255381653403987e+01 8.403998459466990312e-01
1.961191802815415741e+01 3.671688545852487806e+01 8.428711726333038001e-01
1.967831940321581996e+01 3.679139429622549073e+01 8.447828059923333521e-01
1.974458908762409592e+01 3.686604217046786403e+01 8.461976309577842192e-01
1.981076334641920411e+01 3.694079531370800851e+01 8.471767955039758435e-01
1.987687403964529764e+01 3.701562415247651217e+01 8.477787417188236141e-01
1.994294876675305161e+01 3.709050307260512369e+01 8.480591209974795985e-01
2.000901103372241963e+01 3.716541019571522497e+01 8.480698653914066076e-01
2.007508049877700529e+01 3.724032710322153861e+01 8.478590208990585131e-01
2.014117324529241415e+01 3.731523856479292078e+01 8.474704101688670388e-01
2.020730209117216347e+01 3.739013225617607361e+01 8.469436914782511039e-01
2.027347688645133772e+01 3.746499847165335240e+01 8.463142642231902268e-01
2.033970483929391193e+01 3.753982985357436064e+01 8.456132534313558491e-01
2.040599084028986354e+01 3.761462111684748066e+01 8.448677356936472593e-01
2.047233777271929611e+01 3.768936879095517867e+01 8.441009898411583334e-01
2.053874678617751570e+01 3.776407095786212409e+01 8.433324085649738233e-01
2.060521759398250907e+01 3.783872700299479419e+01 8.425789960578196069e-01
2.067174866241406050e+01 3.791333746942769523e+01 8.418535286071270329e-01
2.073833752540474862e+01 3.798790377613443070e+01 8.411662408929471146e-01
2.080498097334287877e+01 3.806242804810442948e+01 8.405249281293226682e-01
2.087167524218887493e+01 3.813691296195956681e+01 8.399347213817214275e-01
2.093841621045930879e+01 3.821136156651424898e+01 8.393991769524870028e-01
2.100519951215002834e+01 3.828577717266222891e+01 8.389200758816249826e-01
2.107202067520218591e+01 3.836016324167519542e+01 8.384976980093914456e-01
2.113887522887000614e+01 3.843452327983167294e+01 8.381311138407805394e-01
2.120575879865002022e+01 3.850886076286374049e+01 8.378186189841414500e-01
2.127266714384341029e+01 3.858317906159719968e+01 8.375576857834540201e-01
2.133959624292733182e+01 3.865748141352063527e+01 8.373450337568052460e-01
2.140654232273127278e+01 3.873177084246324142e+01 8.371771491593257286e-01
2.147350189392217246e+01 3.880605016295572796e+01 8.370501216870759320e-01
2.154047177243685951e+01 3.888032194460820534e+01 8.369598766386537880e-01
2.160744909574979999e+01 3.895458850546634011e+01 8.369016541993876679e-01
2.167443136019412009e+01 3.902885185097770204e+01 8.368713233084175140e-01
2.174141638461733095e+01 3.910311372749511349e+01 8.368660166481336482e-01
2.180840220262026463e+01 3.917737569143718446e+01 8.368818224357765789e-01
2.187538715545004564e+01 3.925163905626975946e+01 8.369150309250815711e-01
2.194236986911747778e+01 3.932590489726655392e+01 8.369621979829966474e-01
2.200934923398152065e+01 3.940017406851020354e+01 8.370202061677376459e-01
2.207632437989398611e+01 3.947444722410066476e+01 8.370862664481643067e-01
2.214329465121597806e+01 3.954872483948541628e+01 8.371579801646150676e-01
2.221025957730858380e+01 3.962300723702954031e+01 8.372331159363944897e-01
2.227721886843465171e+01 3.969729460645670827e+01 8.373095627296532895e-01
2.234417237864614592e+01 3.977158698165600725e+01 8.373857979730994217e-01
2.241112009944621875e+01 3.984588432155729265e+01 8.374604411258711467e-01
2.247806211094620465e+01 3.992018647715728008e+01 8.375323808569475892e-01
2.254499859044187815e+01 3.999449324126009486e+01 8.376007430849030655e-01
2.261192978714706570e+01 4.006880435589061307e+01 8.376649229228411153e-01
2.267885599464571911e+01 4.014311952194185551e+01 8.377243102842856226e-01
2.274577756100719483e+01 4.021743840963296890e+01 8.377786977947220270e-01
2.281269485036525779e+01 4.029176067603432188e+01 8.378279126476220195e-01
2.287960823067514937e+01 4.036608595663657439e+01 8.378718925031162224e-01
2.294651809572212642e+01 4.044041390630892607e+01 8.379106734325404426e-01
2.301342482018834446e+01 4.051474416410005830e+01 8.379443894267559756e-01
2.308032878342034877e+01 4.058907639427707181e+01 8.379732439720672943e-01
2.314723034382260636e+01 4.066341026826763283e+01 8.379975153466195925e-01
2.321412984978217153e+01 4.073774548797814532e+01 8.380174897067829143e-01
2.328102762814244997e+01 4.081208177416510097e+01 8.380334800490092384e-01
2.334792398236965028e+01 4.088641886840912321e+01 8.380458443293348214e-01
2.341481917841571914e+01 4.096075652412561396e+01 8.380549526055267595e-01
2.348171346834888951e+01 4.103509453463207279e+01 8.380611667925577102e-01
2.354860707095961203e+01 4.110943271037839963e+01 8.380649285513598334e-01
2.361550018671660922e+01 4.118377090748862912e+01 8.380665190854220681e-01
2.368239297550208633e+01 4.125810897902809415e+01 8.380662737039120680e-01
2.374928558584572258e+01 4.133244681557922462e+01 8.380644475929621695e-01
2.381617814078206763e+01 4.140678431754544420e+01 8.380613833589135586e-01
2.388307075082374809e+01 4.148112142263720159e+01 8.380573117694419816e-01
2.394996348958911980e+01 4.155545806206627191e+01 8.380525066880831764e-01
2.401685643030984707e+01 4.162979420755861781e+01 8.380471407445834187e-01
2.408374961337544207e+01 4.170412982015228920e+01 8.380414301215243222e-01
2.415064308300661367e+01 4.177846489746222147e+01 8.380354887207289716e-01
2.421753685471831119e+01 4.185279942223213823e+01 8.380294966446100169e-01
2.428443094446877026e+01 4.192713340462310612e+01 8.380235315243104166e-01
2.435132535503792539e+01 4.200146685175735684e+01 8.380177554739266510e-01
2.441822009008788896e+01 4.207579979597208109e+01 8.380122008201823514e-01
2.448511513067731826e+01 4.215013224931973213e+01 8.380069518348858271e-01
2.455201047115177460e+01 4.222446425121452052e+01 8.380020429284052996e-01
2.461890609175032552e+01 4.229879583053934056e+01 8.379975151625350671e-01
2.468580196829923779e+01 4.237312701741171139e+01 8.379933867091269306e-01
2.475269807051753546e+01 4.244745783787929838e+01 8.379896873654489875e-01
2.481959437649031130e+01 4.252178833173967831e+01 8.379864042998383944e-01
2.488649086139335509e+01 4.259611853363920630e+01 8.379835342108196139e-01
2.495338750325547750e+01 4.267044848090044695e+01 8.379810664763674977e-01
2.502028427059765647e+01 4.274477819869354533e+01 8.379789826907445560e-01
2.508718114932743859e+01 4.281910772875545490e+01 8.379772618713221544e-01
2.515407811029808016e+01 4.289343709295938822e+01 8.379758802278480800e-01
2.522097512941714115e+01 4.296776631523803758e+01 8.379748044480902491e-01
2.528787218896305333e+01 4.304209542162298874e+01 8.379740086337338356e-01
2.535476928129597241e+01 4.311642444547610609e+01 8.379734668059746205e-01
2.542166638316466631e+01 4.319075339892999210e+01 8.379731479339594946e-01
2.548856348862297239e+01 4.326508230870616956e+01 8.379730233260725969e-01
2.555546057942975935e+01 4.333941118357633826e+01 8.379730669698165491e-01
2.562235764302918284e+01 4.341374003474061283e+01 8.379732474162092659e-01
2.568925467529559725e+01 4.348806887806472332e+01 8.379735445605526190e-01
2.575615166704395165e+01 4.356239772078759387e+01 8.379739306693102519e-01
2.582304862328958706e+01 4.363672658178042241e+01 8.379743866943680786e-01
2.588994553299160728e+01 4.371105545922702618e+01 8.379748930645283256e-01
2.595684240156039024e+01 4.378538436666460143e+01 8.379754328733499680e-01
2.602373922129968165e+01 4.385971330054037054e+01 8.379759925407836985e-01
2.609063598956420904e+01 4.393404226088370024e+01 8.379765586608517447e-01
2.615753270770468930e+01 4.400837125015990381e+01 8.379771201633081645e-01
2.622440244049611380e+01 4.408267033989798023e+01 8.395525322635338794e-01
2.629113677467570653e+01 4.415705432721075852e+01 8.436360417232235953e-01
2.635746173082783272e+01 4.423159211800158630e+01 8.478560181209143787e-01
2.642329783655712916e+01 4.430621224370640476e+01 8.504395530940624948e-01
2.648871515812847832e+01 4.438074496827332638e+01 8.501128863009740355e-01
2.655389424935858855e+01 4.445495735431823903e+01 8.460306766271024070e-01
2.661909014657751271e+01 4.452858053044327846e+01 8.377034487684241748e-01
2.668460014663245872e+01 4.460132876923486123e+01 8.249144795184694123e-01
2.675073701731484377e+01 4.467291061054983459e+01 8.075684702435831364e-01
2.681781547879011640e+01 4.474303131816332524e+01 7.856777924506647137e-01
2.688613957291035206e+01 4.481139363377590001e+01 7.594231448446880917e-01
2.695598607630329013e+01 4.487770269816201818e+01 7.291201150511115170e-01
2.702759174586839563e+01 4.494167049246288315e+01 6.951868212882665876e-01
2.710114439134790132e+01 4.500302028716872371e+01 6.581109337762960365e-01
2.717677799403621819e+01 4.506149129549588395e+01 6.184281695637685594e-01
2.725457052154218829e+01 4.511684369136521155e+01 5.767080946593530211e-01
2.733454505575831561e+01 4.516886501581308266e+01 5.335336203931109189e-01
2.741667290719544425e+01 4.521737576852012808e+01 4.894947381331105074e-01
2.750087887289782884e+01 4.526223559667916163e+01 4.451764423229436773e-01
2.758704819017452436e+01 4.530334867996018744e+01 4.011546772047059894e-01
2.767503451056710873e+01 4.534066851457419034e+01 3.579967648947226522e-01
2.776466837336405291e+01 4.537420211304193174e+01 3.162278661610724018e-01
2.785576693329338127e+01 4.540401031127170484e+01 2.762795431638296884e-01
2.794814432714213126e+01 4.543020212177701467e+01 2.384959014958301649e-01
2.804161997298148634e+01 4.545292821194509258e+01 2.031382783102299583e-01
2.813602483067541371e+01 4.547237366415969717e+01 1.703918237526798052e-01
2.823120563803592020e+01 4.548875049467872600e+01 1.403723098299194949e-01
2.832702743637028675e+01 4.550229026986736613e+01 1.131341385627301771e-01
2.842337450828883050e+01 4.551323715703866668e+01 8.867850204455976493e-02
2.852015008592339740e+01 4.552184163698776587e+01 6.696127646758061325e-02
2.861726326016593092e+01 4.552835419570520514e+01 4.917396613684940632e-02
2.871467835247003464e+01 4.553314834699055780e+01 3.635139395589274958e-02
2.881224179503742633e+01 4.553669647712596458e+01 2.627999758603446340e-02
2.890984647084439274e+01 4.553926211844111549e+01 1.723479897121388618e-02
2.900741551633563375e+01 4.554094386784392867e+01 7.854538672980890951e-03
2.910489393083524234e+01 4.554170953156602053e+01 -2.870599268443772140e-03
2.920224191501437971e+01 4.554143008374627044e+01 -1.564694935152275909e-02
2.929942893631276490e+01 4.553990927923301513e+01 -3.092566181208113857e-02
2.939642807575086181e+01 4.553690855996382680e+01 -4.894846278729480388e-02
2.949321072826775492e+01 4.553216741077171292e+01 -6.978613045420740957e-02
2.958974195264460505e+01 4.552541991292433465e+01 -9.337268351581390347e-02
2.968597688703947313e+01 4.551640799360338718e+01 -1.195358602810354942e-01
2.978185843098001229e+01 4.550489180753129403e+01 -1.480227640836452585e-01
2.987731634205725939e+01 4.549065775194959826e+01 -1.785212173543515302e-01
2.997226807980153396e+01 4.547352445249587305e+01 -2.106764864403203041e-01
3.006662034532923045e+01 4.545334724263883430e+01 -2.441057435571463152e-01
3.016027258063129324e+01 4.543002102518224206e+01 -2.784095495453653424e-01
3.025312083219809622e+01 4.540348191690517154e+01 -3.131798598001165335e-01
3.034506256248818801e+01 4.537370776107647430e+01 -3.480040346093993819e-01
3.043600159234866354e+01 4.534071797115547042e+01 -3.824684452899295706e-01
3.052585369967103546e+01 4.530457246402369975e+01 -4.161616033059607478e-01
3.061455147245033004e+01 4.526537013062879566e+01 -4.486994871090831949e-01
3.070204853749886098e+01 4.522324448541563413e+01 -4.797675420424838966e-01
3.078832075428226034e+01 4.517835572091381380e+01 -5.091159031655848599e-01
3.087336634216224596e+01 4.513088339502643720e+01 -5.365574751879262916e-01
3.095720482321289779e+01 4.508101963994072747e+01 -5.619608831940524629e-01
3.103987518651884869e+01 4.502896339024566430e+01 -5.852462074327228203e-01
3.112143336753866052e+01 4.497491539549512396e+01 -6.063785477683001357e-01
3.120194935557983484e+01 4.491907417920908330e+01 -6.253632087453151467e-01
3.128150402590650003e+01 4.486163277491741752e+01 -6.422378157058654669e-01
3.136018618975176864e+01 4.480277631546847772e+01 -6.570722791055856327e-01
3.143808928436567030e+01 4.474267997259880048e+01 -6.699555536623710283e-01
3.151530893408806122e+01 4.468150796890312648e+01 -6.809959098077592587e-01
3.159194027444591768e+01 4.461941283733527541e+01 -6.903151880189447587e-01
3.166807604132294784e+01 4.455653488612446012e+01 -6.980446986863768633e-01
3.174380479837584801e+01 4.449300214068258441e+01 -7.043214418531857923e-01
3.181920961073073784e+01 4.442893046791444078e+01 -7.092849390768396489e-01
3.189436709202647435e+01 4.436442384728903221e+01 -7.130744633346287609e-01
3.196934661315262360e+01 4.429957490740308401e+01 -7.158267805797888794e-01
3.204421006793237581e+01 4.423446531309082985e+01 -7.176739436705117381e-01
3.211901170297892349e+01 4.416916641040531744e+01 -7.187419681520003101e-01
3.219379819906301066e+01 4.410373984954370030e+01 -7.191494926302554047e-01
3.226860882268051967e+01 4.403823834104095880e+01 -7.190069411212635098e-01
3.234347611527102373e+01 4.397270606693649597e+01 -7.184158858378134616e-01
3.241842598685949639e+01 4.390717971052110613e+01 -7.174687896653643149e-01
3.249347864007915376e+01 4.384168880499754550e+01 -7.162488033790388453e-01
3.256864870805021894e+01 4.377625680620472792e+01 -7.148297318153400415e-01
3.264394617572909851e+01 4.371090149375676503e+01 -7.132763298109424666e-01
3.271937692359763616e+01 4.364563567113194154e+01 -7.116446404675066395e-01
3.279494327904247797e+01 4.358046782052795720e+01 -7.099826242260300901e-01
3.287064452702566797e+01 4.351540271500725510e+01 -7.083301945985966963e-01
3.294647746224496387e+01 4.345044199445676014e+01 -7.067201583417684896e-01
3.302243691794075175e+01 4.338558464195291720e+01 -7.051788795862127257e-01
3.309851617255950629e+01 4.332082748057893440e+01 -7.037265577720350773e-01
3.317470732427678115e+01 4.325616566294981880e+01 -7.023783233706993867e-01
3.325100165461795143e+01 4.319159302772591502e+01 -7.011442819724951203e-01
3.332738992756227958e+01 4.312710250627400654e+01 -7.000307350520803551e-01
3.340386266238301971e+01 4.306268639232876438e+01 -6.990402701564311094e-01
3.348041035586847158e+01 4.299833664306063241e+01 -6.981725014312515354e-01
3.355702366585997254e+01 4.293404511596026651e+01 -6.974247837567169039e-01
3.363369354636721908e+01 4.286980375305984126e+01 -6.967923567618420355e-01
3.371041137824573752e+01 4.280560474990686259e+01 -6.962692330280023656e-01
3.378716911174570470e+01 4.274144059860319800e+01 -6.958471991594986639e-01
3.386395917680846424e+01 4.267730445502326830e+01 -6.955187480720401716e-01
3.394077468173024670e+01 4.261318988220922677e+01 -6.952744818775451474e-01
3.401760938460256511e+01 4.254909112217205092e+01 -6.951071625974752921e-01
3.409445761653224594e+01 4.248500287955982913e+01 -6.950077051699244945e-01
3.417131435553779539e+01 4.242092050158099426e+01 -6.949672049006150321e-01
3.424817522840216810e+01 4.235683995363616816e+01 -6.949770522362078706e-01
3.432503648078016312e+01 4.229275780629402703e+01 -6.950279874632337984e-01
3.440189501244696402e+01 4.222867129096681538e+01 -6.951137226021754101e-01
3.447874816863690484e+01 4.216457808692909737e+01 -6.952269112518850713e-01
3.455559382401006729e+01 4.210047638935156300e+01 -6.953610402336746210e-01
3.463243032051808967e+01 4.203636485261144173e+01 -6.955104945937159444e-01
3.470925639536363150e+01 4.197224253334963606e+01 -6.956699610261296574e-01
3.478607116949424949e+01 4.190810886073775521e+01 -6.958348454322756949e-01
3.486287409433531082e+01 4.184396358714367636e+01 -6.960013195982183154e-01
3.493966489962392785e+01 4.177980673178507232e+01 -6.961660268886332714e-01
3.501644357024890297e+01 4.171563853851917258e+01 -6.963260898566513424e-01
3.509321028780295393e+01 4.165145946212908257e+01 -6.964791443751473521e-01
3.516996541183257818e+01 4.158727011699877352e+01 -6.966238675635565425e-01
3.524670941835164939e+01 4.152307119265775981e+01 -6.967588682101848452e-01
3.532344287872870581e+01 4.145886348030921909e+01 -6.968832831430916697e-01
3.540016645162649667e+01 4.139464781065456123e+01 -6.969965465690002304e-01
3.547688083725329022e+01 4.133042505334971395e+01 -6.970984157206098208e-01
3.555358676008572871e+01 4.126619608930794669e+01 -6.971888341912154674e-01
3.563028497510140369e+01 4.120196178115094909e+01 -6.972680674913294130e-01
3.570697623159714595e+01 4.113772296148969332e+01 -6.973364925918901225e-01
3.578366124640888302e+01 4.107348044081373928e+01 -6.973946162207518285e-01
3.586034072568378406e+01 4.100923497232682990e+01 -6.974430785912132391e-01
3.593701533446733265e+01 4.094498726001110356e+01 -6.974825401826205695e-01
3.601368570411733572e+01 4.088073794978136277e+01 -6.975137267476135827e-01
3.609035242362013918e+01 4.081648762825363264e+01 -6.975374160429862469e-01
3.616701603539917187e+01 4.075223681948290988e+01 -6.975543707853243403e-01
3.624367704494006404e+01 4.068798597887163737e+01 -6.975654630317963401e-01
3.632033588636040378e+01 4.062373550776830911e+01 -6.975714269822910207e-01
3.639699295884258845e+01 4.055948574093660142e+01 -6.975729644261214890e-01
3.647364861297194949e+01 4.049523696224585478e+01 -6.975707460999612808e-01
3.655030315949660746e+01 4.043098940139105224e+01 -6.975654590448103765e-01
3.662695686451220212e+01 4.036674323580949419e+01 -6.975578158472461876e-01
3.670360993745548939e+01 4.030249859741778806e+01 -6.975482857446261287e-01
3.678026256743719102e+01 4.023825557392351726e+01 -6.975373096027557285e-01
3.685691490156912664e+01 4.017401423069659927e+01 -6.975254092177469722e-01
3.693356706713098703e+01 4.010977458163443288e+01 -6.975128899479783318e-01
3.701021916393981570e+01 4.004553662380399004e+01 -6.975000451665810397e-01
3.708687127418026819e+01 3.998130033076927248e+01 -6.974871719725199704e-01
3.716352345694813408e+01 3.991706565667971063e+01 -6.974745626079741356e-01
3.724017574150484222e+01 3.985283254255770657e+01 -6.974624301588076003e-01
3.731682814801759918e+01 3.978860090924762716e+01 -6.974508736057681846e-01
3.739348068948277870e+01 3.972437067069292027e+01 -6.974400143911658745e-01
3.747013336875313172e+01 3.966014173349658023e+01 -6.974299485129105136e-01
3.754678618703810855e+01 3.959591399311835858e+01 -6.974207439592757796e-01
3.762343912102181775e+01 3.953168735670199396e+01 -6.974124369705566595e-01
3.770009215734890518e+01 3.946746171832099037e+01 -6.974050426431778194e-01
3.777674527577641328e+01 3.940323697585403551e+01 -6.973985547132967033e-01
3.785339846108988127e+01 3.933901302378715314e+01 -6.973929504815786773e-01
3.793005167931494981e+01 3.927478977528865300e+01 -6.973881923026743479e-01
3.800670491855600375e+01 3.921056712994190008e+01 -6.973842333076144540e-01
3.808335814615711001e+01 3.914634501084061213e+01 -6.973810208873736372e-01
3.816001135242454723e+01 3.908212332870508732e+01 -6.973784937146710883e-01
3.823666450773617242e+01 3.901790201895418164e+01 -6.973765817552839419e-01
3.831331760065097569e+01 3.895368101091181501e+01 -6.973752338128536010e-01
3.838997061735151561e+01 3.888946024257274559e+01 -6.973743891142305529e-01
3.846662354267857609e+01 3.882523966098481338e+01 -6.973739600013845186e-01
3.854327637209925683e+01 3.876101921572912801e+01 -6.973739109237141465e-01
3.861992909487190673e+01 3.869679886622667908e+01 -6.973741656088427998e-01
3.869658171491552423e+01 3.863257856956609260e+01 -6.973746877154111123e-01
3.877323422196604241e+01 3.856835829945982397e+01 -6.973754049802495247e-01
3.884988662033884310e+01 3.850413802683279130e+01 -6.973762953305345791e-01
3.892653890719179799e+01 3.843991773148614044e+01 -6.973773012739625798e-01
3.900319108629376075e+01 3.837569739518250600e+01 -6.973783755360263292e-01
3.907984317375071726e+01 3.831147699551552677e+01 -6.973795094205738065e-01
3.915649516641994410e+01 3.824725652734014147e+01 -6.973806753902519473e-01
3.923314706658851492e+01 3.818303598455455017e+01 -6.973818418808133135e-01
3.930979888482838902e+01 3.811881535823343370e+01 -6.973829915709232052e-01
3.938645062500814475e+01 3.805459464732737729e+01 -6.973841044355647556e-01
3.946310230377349626e+01 3.799037384269433915e+01 -6.973851616693788058e-01
3.953975392312281656e+01 3.792615294991745856e+01 -6.973861567886481261e-01
3.961640548740375323e+01 3.786193197345743755e+01 -6.973870770696776189e-01
3.969305701615905235e+01 3.779771090670396916e+01 -6.973879199885771873e-01
3.976970851601726054e+01 3.773348975419587248e+01 -6.973886831513433915e-01
3.984635998662424328e+01 3.766926852663463166e+01 -6.973893654942707743e-01
3.992301143157633447e+01 3.760504723155067097e+01 -6.973899658927821266e-01
3.999966286561123496e+01 3.754082586728651449e+01 -6.973904873898345569e-01
4.007631428752913649e+01 3.747660444514071543e+01 -6.973909328157815724e-01
4.015296571444013551e+01 3.741238296070187630e+01 -6.973913061886580778e-01
4.022961715039161845e+01 3.734816141997883676e+01 -6.973916118347885940e-01
4.030626859932584694e+01 3.728393982850412414e+01 -6.973918547226168885e-01
4.038292006473902518e+01 3.721971819153583283e+01 -6.973920403102615850e-01
4.045957154958014712e+01 3.715549651407846454e+01 -6.973921742024553616e-01
4.053622305635096268e+01 3.709127480078007721e+01 -6.973922620746852985e-01
4.061287458710177845e+01 3.702705305592655805e+01 -6.973923095776362047e-01
4.068952613640613691e+01 3.696283128933093565e+01 -6.973923217528062990e-01
4.076617770264396512e+01 3.689860950695940289e+01 -6.973923054911410624e-01
4.084282929164379539e+01 3.683438770763843451e+01 -6.973922641696564950e-01
4.091948090085144685e+01 3.677016589677729996e+01 -6.973922038561761738e-01
4.099613253398253931e+01 3.670594407374059642e+01 -6.973921277487341586e-01
4.107278419168090977e+01 3.664172224004936140e+01 -6.973920394882172635e-01
4.114943588211782810e+01 3.657750039044286439e+01 -6.973919425790559012e-01
4.122608759759496166e+01 3.651327853249938471e+01 -6.973918397303586758e-01
4.130273933400978592e+01 3.644905667043104813e+01 -6.973917347946458900e-01
4.137939109506568514e+01 3.638483480140728688e+01 -6.973916290353581182e-01
4.145604287626657225e+01 3.632061292930256258e+01 -6.973915252813104315e-01
4.153269467966107698e+01 3.625639105213883795e+01 -6.973914245914286658e-01
4.160934651224656022e+01 3.619216916365372327e+01 -6.973913282557009374e-01
4.168599836546191284e+01 3.612794727045200460e+01 -6.973912371765741414e-01
4.176265023441703050e+01 3.606372537594503314e+01 -6.973911526044241915e-01
4.183930212952725469e+01 3.599950347055754207e+01 -6.973910748109253266e-01
4.191595404828245819e+01 3.593528155550828274e+01 -6.973910040719891734e-01
4.199260598862851168e+01 3.587105963159794442e+01 -6.973909405577214393e-01
4.206925794158225784e+01 3.580683770541044453e+01 -6.973908842781054718e-01
4.214590990237612544e+01 3.574261577999640593e+01 -6.973908351983727494e-01
4.222256187793532689e+01 3.567839384861432706e+01 -6.973907930063274474e-01
4.229921386699487584e+01 3.561417191142550109e+01 -6.973907573903105339e-01
4.237586586817150902e+01 3.554994996873097790e+01 -6.973907279652038493e-01
4.245251788015707461e+01 3.548572802081910282e+01 -6.973907042923372934e-01
4.252916990172513323e+01 3.542150606796701595e+01 -6.973906858960191579e-01
4.260582192813343738e+01 3.535728411345955635e+01 -6.973906722791195500e-01
4.268247395524189614e+01 3.529306216014194320e+01 -6.973906628975877764e-01
4.275912598506020856e+01 3.522884020577782138e+01 -6.973906572680114158e-01
4.283577801856513645e+01 3.516461824905934463e+01 -6.973906549693732471e-01
4.291243005189208759e+01 3.510039629278986695e+01 -6.973906554502071753e-01
4.298908208524093055e+01 3.503617433643931633e+01 -6.973906583189388719e-01
4.306573411840244603e+01 3.497195237987146044e+01 -6.973906631069974882e-01
4.314238616166897344e+01 3.490773041421259393e+01 -6.973906694204955459e-01
4.321903821391062905e+01 3.484350844021037119e+01 -6.973906769195278299e-01
4.329569027390544278e+01 3.477928645873394231e+01 -6.973906852845886961e-01
4.337234233236733871e+01 3.471506447745054658e+01 -6.973906942262487751e-01
4.344899438934154290e+01 3.465084249624706558e+01 -6.973907034895265866e-01
4.352564644605806166e+01 3.458662051405100613e+01 -6.973907128769171182e-01
4.360229849906001220e+01 3.452239853374247502e+01 -6.973907221616730823e-01
4.367895055209544353e+01 3.445817655219460818e+01 -6.973907312004660186e-01
4.375560260173504190e+01 3.439395457231269404e+01 -6.973907398571539407e-01
4.383225465175471669e+01 3.432973259098299224e+01 -6.973907480568373174e-01
4.390890669869680352e+01 3.426551061116207819e+01 -6.973907557092137166e-01
4.398555875095878065e+01 3.420128862588563123e+01 -6.973907627524033037e-01
4.406221081280524743e+01 3.413706663166009037e+01 -6.973907691687412091e-01
4.413886287336268310e+01 3.407284463767746985e+01 -6.973907749511341070e-01
4.421551492932145777e+01 3.400862264679341962e+01 -6.973907800892835684e-01
4.429216698296166044e+01 3.394440065718163169e+01 -6.973907845904437908e-01
4.436881903495540769e+01 3.388017866836208469e+01 -6.973907884773817845e-01
4.444547108549803482e+01 3.381595668025125434e+01 -6.973907917763058073e-01
4.452212314298214579e+01 3.375173468589421333e+01 -6.973907945197247438e-01
4.459877520648998228e+01 3.368751268613236505e+01 -6.973907967450830858e-01
4.467542726817574561e+01 3.362329068760679718e+01 -6.973907984909726299e-01
4.475207932479297313e+01 3.355906869310007323e+01 -6.973907998066003477e-01
4.482873137896732629e+01 3.349484670046843604e+01 -6.973908007391186326e-01
4.490538343935741494e+01 3.343062470250737306e+01 -6.973908013273645290e-01
4.498203550172944176e+01 3.336640270280901888e+01 -6.973908016105969665e-01
4.505868756586011870e+01 3.330218070160025690e+01 -6.973908016349833483e-01
4.513533962786217302e+01 3.323795870217175263e+01 -6.973908014413969791e-01
4.521199168436735505e+01 3.317373670737399038e+01 -6.973908010714497951e-01
4.528864373938149157e+01 3.310951471387374312e+01 -6.973908005561951784e-01
4.536529578968875853e+01 3.304529272438431065e+01 -6.973907999310586803e-01
4.544194784562020573e+01 3.298107073026427827e+01 -6.973907992270760303e-01
4.551859990712440407e+01 3.291684873156702906e+01 -6.973907984645169034e-01
4.559525196523463819e+01 3.285262673581285497e+01 -6.973907976657501839e-01
4.567190402849682584e+01 3.278840473584638460e+01 -6.973907968507427890e-01
4.574855608913606630e+01 3.272418273818384193e+01 -6.973907960352958568e-01
4.582520814401328835e+01 3.265996074545532224e+01 -6.973907952372405683e-01
4.590186019574733933e+01 3.259573875546438160e+01 -6.973907944692969707e-01
4.597851224496793066e+01 3.253151676767949851e+01 -6.973907937389556277e-01
4.605516429192639549e+01 3.246729478188519380e+01 -6.973907930534328781e-01
4.613181633815185734e+01 3.240307279679446140e+01 -6.973907924173607942e-01
4.620846838036005977e+01 3.233885081515251869e+01 -6.973907918355487512e-01
4.628512042607366084e+01 3.227462883064952592e+01 -6.973907913096797362e-01
4.636177247501358778e+01 3.221040684351199701e+01 -6.973907908405244660e-01
4.643842452680085131e+01 3.214618485405006965e+01 -6.973907904276688274e-01
4.651507657743921698e+01 3.208196286560459498e+01 -6.973907900697613460e-01
4.659172862351621802e+01 3.201774088102749261e+01 -6.973907897645604814e-01
4.666838067262160195e+01 3.195351889395291423e+01 -6.973907895094453302e-01
4.674503272448790625e+01 3.188929690459841737e+01 -6.973907893011188630e-01
4.682168477875858059e+01 3.182507491325662485e+01 -6.973907891359887312e-01
4.689833683148174259e+01 3.176085292323293885e+01 -6.973907890102227780e-01
4.697498887930235867e+01 3.169663093733320025e+01 -6.973907889195657406e-01
4.705164092474605297e+01 3.163240895343675874e+01 -6.973907888599710780e-01
4.712829296959116476e+01 3.156818697004961294e+01 -6.973907888284297529e-01
4.720494501054610481e+01 3.150396498992591532e+01 -6.973907888205341798e-01
4.728159705148895853e+01 3.143974300981336967e+01 -6.973907888329776705e-01
4.735824908911485664e+01 3.137552103247827517e+01 -6.973907888619814699e-01
4.743490112725343977e+01 3.131129905470984909e+01 -6.973907889046964126e-01
4.751111578672226443e+01 3.124744352933412017e+01 -6.973907889574019192e-01
4.758651040969783708e+01 3.118427506155273576e+01 -6.973907890171316959e-01
4.766075250584366074e+01 3.112207222434909681e+01 -6.973907890813667576e-01
4.773355539658946611e+01 3.106107520787596954e+01 -6.973907891481412324e-01
4.780467431498742314e+01 3.100148908714339768e+01 -6.973907892158099919e-01
4.787390253434202947e+01 3.094348706559901530e+01 -6.973907892830175648e-01
4.794106790194273771e+01 3.088721337929792199e+01 -6.973907893487755194e-01
4.800602943172243187e+01 3.083278615170226189e+01 -6.973907894125072060e-01
4.806867445017802964e+01 3.078029978493685803e+01 -6.973907894736101065e-01
4.812891566869537030e+01 3.072982741270618590e+01 -6.973907895316591166e-01
4.818668854149398584e+01 3.068142311390815280e+01 -6.973907895863987738e-01
4.824194906375929293e+01 3.063512375744224414e+01 -6.973907896375977078e-01
4.829467149778683677e+01 3.059095090733188371e+01 -6.973907896851520016e-01
4.834484636895050613e+01 3.054891250177808359e+01 -6.973907897290342328e-01
4.839247887954736882e+01 3.050900418210022380e+01 -6.973907897692418478e-01
4.843758721373742304e+01 3.047121071292167471e+01 -6.973907898058238075e-01
4.848020124738932424e+01 3.043550706310985277e+01 -6.973907898388437276e-01
4.852036125115429144e+01 3.040185949238995988e+01 -6.973907898684291728e-01
4.855811689979148582e+01 3.037022638136968666e+01 -6.973907898947040440e-01
4.859352631932480904e+01 3.034055902986728626e+01 -6.973907899178289904e-01
